31914
32311
16643
26550
5639
5325
26750
30160
2903
20024
1894
29147
24109
3347
32762
22251
30681
17856
9257
25093
18652
28679
28836
12512
31903
15359
32312
15852
5476
3634
7515
23956
1148
1788
20485
8384
4794
6452
5569
16543
11561
29710
15875
30627
27130
17472
13500
27597
22976
4196
32044
3626
30944
13470
20215
5022
21826
16766
2428
27360
15437
16936
29026
21446
1299
11698
27763
31683
19144
1997
12206
17326
11129
29864
5015
4804
24314
17425
722
23281
14881
14302
14064
12875
29233
2443
14217
9695
13465
29476
20363
10673
26335
16229
27857
18942
8919
9505
7672
452
17176
29152
8814
23173
5040
18380
16587
14663
31511
29390
22373
31967
12130
6388
23326
20847
19385
18966
14465
23854
23051
12985
19214
10855
9472
30259
24273
29381
26160
29712
28730
12237
9362
31925
7720
5292
22327
14659
583
21811
8248
19134
25500
24096
13293
25711
30558
25247
16479
25990
9224
25360
26880
13828
31404
4363
10906
27352
23178
13473
15238
30024
29409
30437
15390
24979
5893
13740
19316
26837
6322
17552
21573
23082
7328
16187
9768
7958
7511
20706
12043
24357
4165
5391
26848
1742
24846
30116
20372
13725
14115
10781
29505
22418
14742
15381
31396
28100
17709
13579
10705
19017
18613
22887
16677
17242
15256
5304
18557
8627
25266
31552
6821
20025
22369
1202
17684
735
1243
25658
4054
714
4037
8638
16841
7604
23553
22628
29964
654
9415
15956
4021
9577
23287
22975
13506
15510
15789
1824
16723
6412
24854
13505
10774
24075
6019
30593
19714
23551
28860
23766
2888
4775
17303
7694
16262
7798
30153
6362
25662
5434
30203
12556
32392
5627
7201
32672
8451
4134
25607
29433
6929
1515
13868
17518
10308
19939
13012
26373
13331
6134
13145
21374
1490
14716
30146
21908
26849
1186
9878
15999
9507
12047
15603
8381
23473
3016
23770
30994
7120
7249
13261
26830
17441
15638
924
25934
1048
28937
20348
197
4527
4235
24409
12349
26460
24464
3437
13016
7744
20222
4626
32348
14497
27991
16852
21742
28826
19096
29131
26654
24337
21345
30248
11556
3818
26453
28429
18025
20602
11972
22434
9802
24895
29576
2917
20248
15310
300
13761
21603
9228
20564
24547
376
17313
344
4297
18728
27306
27187
13211
25291
18606
15260
14399
14469
12756
370
8744
2760
17491
605
31086
27930
553
17075
21028
25
13072
11928
24038
3260
8878
12138
15281
25819
3852
12380
31223
11506
23369
22112
32499
29474
23184
28491
19259
14200
18247
23603
19092
18802
14985
31516
9993
7871
14295
21460
21055
1863
8458
3100
14595
25195
9868
26376
21797
14734
1992
21417
4489
25556
14303
20201
13435
5929
15005
7349
17475
2694
19883
7266
6649
3439
12806
15433
5787
14529
10671
20661
11869
7338
32165
20992
15936
4089
8208
17912
24550
1176
16063
22663
12197
1366
22996
26516
14554
16618
12990
1572
31872
17973
10088
15045
17921
21960
19888
32044
16971
27814
25371
14109
3367
27723
25799
19595
10438
1005
25505
28417
5021
16129
26839
16448
28788
23809
32401
2090
29881
22125
12508
478
4377
13072
6886
1061
2130
5508
21617
2317
26690
8184
21378
22739
6468
5681
5721
23558
30653
24783
10662
22762
11250
21970
24314
8219
13341
27228
18300
27762
21695
12728
18141
31276
25399
19868
21134
6473
7828
13227
12592
16179
2728
27710
20044
23456
349
11876
30276
29881
28237
32040
3721
20092
26764
10770
7695
8543
7880
24816
14846
9270
18837
8405
10923
27990
6146
18019
23750
28411
19056
2886
29397
4839
28580
7937
2784
14668
30746
15597
3182
7916
5020
25470
4785
28287
3348
4297
18174
341
6303
10307
16256
4924
18402
26060
13868
28068
6305
492
11255
19969
20877
27484
19527
2929
8542
14792
9384
16287
13346
15827
1217
30439
13013
21084
6790
11195
24881
21247
7855
4421
19911
23519
9576
29005
18511
13987
26442
8542
4669
6335
5770
21284
32149
5877
5232
17433
28159
29211
6923
4193
28702
8478
12068
11505
23326
15431
28272
19703
12428
11709
3593
13942
11883
19276
7455
18993
18308
15716
24555
17099
30205
22373
22245
28460
7213
17689
17975
27687
26543
12674
20849
8537
27317
19159
32638
1364
24479
18377
15063
27901
19149
21002
8694
27186
28337
31248
15374
32176
17960
6167
26105
8244
30986
15973
2930
26337
32511
8401
132
18146
25749
5510
3906
15440
26256
4869
3513
22614
22402
20329
4131
31379
923
25839
2910
14783
1729
8117
31644
16274
18659
22722
25435
7137
5259
583
13976
21259
31667
18724
1599
11155
32474
28590
32743
32526
10839
17840
5564
4672
7660
25008
25276
14466
12958
32627
7975
18022
12996
10179
14640
6046
22623
1391
26105
11290
1449
2964
16062
8305
27633
20763
15953
1410
5285
17795
12998
23387
177
8928
30575
13146
20999
16676
2827
15761
13183
11934
22074
17775
29410
12736
13876
24989
321
6181
8123
23335
19852
30419
28238
4060
11616
16317
13216
21495
18463
20620
6984
5887
14406
24222
14010
20459
22267
25679
17782
29834
26086
29560
19839
34
2882
4406
6159
19800
21556
32493
26249
18255
12635
5260
29615
13844
8616
4114
5397
10810
32624
32337
4309
19393
9151
8433
31621
4157
21488
30137
12902
7219
11642
17162
17886
21447
1037
19884
26665
24212
26078
7118
13387
8924
14911
26951
